37751890 10
35
135
81
67
13
153
50
65
69
117
14268463 8
94
90
110
30
55
60
18
52
57431952 8
41
82
4
112
88
119
38
25
47659552 6
10
48
147
76
134
138
42302422 6
140
16
89
44
77
15
81462164 6
2
73
54
149
53
78
17750908 5
42
166
164
26
107
69200503 5
132
143
171
162
152
34460612 5
59
167
37
43
75
65071478 5
151
40
159
163
133
87804471 5
62
46
105
12
127
92240876 5
3
17
157
104
45
81082011 5
24
79
68
156
39
11750801 5
115
97
170
34
49
14500753 5
51
123
72
148
11
37328103 5
122
86
150
161
172
49516360 5
21
160
19
6
29
72832218 4
144
71
87
121
83265244 4
169
165
22
14
58717040 4
113
74
158
129
51235238 3
80
125
36
65830353 3
109
146
120
88080249 3
98
33
108
21344013 3
100
56
20
38724322 3
136
95
106
33583840 3
63
8
99
85870289 3
114
141
64
45181396 3
101
137
83
54393647 3
92
47
126
60740809 3
84
23
91
33958767 2
102
32
27109544 2
27
70
15129661 2
58
66
66747161 2
5
124
86898639 2
96
103
46582367 2
9
139
48053960 2
145
85
50860318 2
57
128
35030611 2
142
130
76693511 2
93
118
96056368 1
111
63602514 1
61
20449598 1
31
32231860 1
131
45834351 1
154
61212473 1
116
36699613 1
155
67066631 1
168
45002711 1
28
79743481 1
7
20610190 1
1
