Codigo                DNI              Cantidad     Fecha               
OPJ-039               90365520         1            20230821
BWD-036               77191257         5            20230821
OPT-996               69639726         3            20230821
CIM-038               11602775         4            20230821
ZWF-661               32565207         6            20230821
VDD-853               49087435         2            20230821
PJG-338               49087435         1            20230821
VVS-017               45877001         4            20230821
TMN-884               79140840         5            20230821
QHC-492               98140264         4            20230821
WLL-607               91897732         1            20230821
KWP-672               90365520         6            20230821
JJN-837               71984468         5            20230821
SJQ-827               49087435         1            20230821
HFM-021               15210391         1            20230821
IHG-413               17913944         4            20230821
UTN-601               17972674         1            20230821
PVZ-181               90237332         5            20230821
XZR-640               49087435         6            20230821
UWA-476               37110873         2            20230821
VCL-867               25171011         1            20230821
TMJ-043               85949265         6            20230821
YUQ-590               85949265         2            20230821
ZAF-449               26233063         2            20230821
TXM-139               43043986         3            20230821
ZEX-027               29337157         3            20230821
JFC-432               38913831         3            20230821
EJW-346               83505958         3            20230821
TMJ-043               11602775         6            20230821
QFR-958               45783712         3            20230821
YJD-279               17913944         5            20230821
VRR-793               81114108         4            20230821
DUG-251               81114108         5            20230821
FQG-293               55552996         1            20230821
TZY-323               50365593         1            20230821
CSZ-863               57690875         5            20230821
SAM-013               32904023         3            20230821
WZD-331               40348917         3            20230821
EBI-299               40112594         3            20230821
FLJ-040               40348917         2            20230821
HLR-109               44229880         5            20230821
TYF-885               62566305         4            20230821
VXS-438               58187172         2            20230821
QFP-254               71463316         6            20230821
RAH-420               15561764         4            20230821
VXS-438               89429489         1            20230821
TZY-323               95161027         5            20230821
YUQ-590               77484838         6            20230822
ISU-815               32821689         1            20230822
LWG-915               27912250         4            20230822
TZY-323               26290971         5            20230822
CIM-038               73535476         3            20230822
RSE-049               15210391         5            20230822
KCO-488               35584593         1            20230822
OPT-996               25171011         6            20230822
TMJ-043               78078115         3            20230822
ZXK-295               78757121         4            20230822
YZD-580               38913831         1            20230822
OTW-288               94080926         5            20230822
QRC-609               87800799         1            20230822
AVM-258               77191257         6            20230822
ICX-503               66409237         5            20230822
MMA-577               52097922         2            20230822
DFF-034               78078115         2            20230822
RSE-049               76388967         6            20230822
YYK-309               64394265         6            20230822
QHC-492               84165595         4            20230822
BTO-226               77484838         4            20230822
OQI-373               78757121         3            20230822
PQH-935               71984468         2            20230822
NSR-955               93845419         2            20230822
XLF-273               43488351         5            20230822
BWD-036               80048864         3            20230822
HFC-845               36008913         6            20230822
XZR-640               78078115         5            20230822
QTK-083               89298238         3            20230822
GXF-122               37110873         2            20230822
HFC-845               86241107         3            20230822
LWG-915               27912250         1            20230822
JYQ-045               15561764         6            20230822
SPR-580               20864087         1            20230822
WZD-331               16151792         3            20230822
VJI-529               95161027         2            20230822
QTK-083               43488351         6            20230823
OFS-384               81114108         3            20230823
LDR-510               87813843         6            20230823
BRD-969               93160528         5            20230823
ZVA-180               50365593         6            20230823
QFP-254               12663268         5            20230823
BCN-855               81114108         4            20230823
QHC-492               29337157         6            20230823
PJG-338               78078115         2            20230823
QTK-083               93160528         3            20230823
SAM-013               79372768         1            20230823
JDC-028               31193794         1            20230823
AQS-362               55552996         1            20230823
CNQ-172               76388967         6            20230823
PFD-286               89298238         2            20230823
VRR-793               22280452         5            20230823
MTF-868               79464412         6            20230823
LWG-915               23928045         2            20230823
TKM-141               89148118         6            20230823
YOT-530               89298238         1            20230823
YYU-726               77642521         2            20230823
QUU-384               89429489         1            20230823
OFS-384               83236386         1            20230823
QFP-254               73185299         5            20230823
VXS-438               69324480         3            20230823
XBD-314               78922174         2            20230823
OTW-288               64394265         5            20230823
PFD-286               90237332         4            20230823
JXD-139               50375303         6            20230824
VZV-827               45783712         1            20230824
JXD-139               79464412         4            20230824
TYF-885               26290971         3            20230824
VJI-529               35565959         5            20230824
VVS-017               50365593         3            20230824
QRC-609               25171011         3            20230824
AFL-718               26976877         5            20230824
OXP-732               79901434         2            20230824
SSD-176               43877279         4            20230824
TMN-884               88956889         1            20230824
JDC-028               87800799         5            20230824
BCK-361               97403853         5            20230824
OBI-353               73914283         4            20230824
FEG-454               59162728         4            20230824
RDT-761               45877001         5            20230824
OTW-288               15210391         3            20230824
FVB-607               54761731         5            20230824
CSZ-863               95015539         2            20230824
ZVA-180               33713901         6            20230824
JFC-432               89148118         5            20230824
ISU-815               46462527         6            20230824
AVM-258               45828535         2            20230824
GLC-370               42928709         6            20230824
SSD-176               78078115         1            20230824
AWB-345               13245501         1            20230824
JJN-837               11602775         2            20230824
OQI-373               86402303         3            20230824
AHB-459               12663268         3            20230824
KCO-488               24995742         4            20230824
OWN-701               36380447         5            20230824
LDR-510               85949265         6            20230824
EBI-299               96258632         5            20230825
EUZ-452               87800799         2            20230825
OQI-373               71378466         1            20230825
KWP-672               87800799         2            20230825
HLR-109               88995291         2            20230825
GBD-525               52097922         5            20230825
CIM-038               35565959         4            20230825
QUU-384               67418025         1            20230825
BWD-036               95751208         3            20230825
JXD-139               26976877         2            20230825
QUU-384               77642521         5            20230825
TYF-885               79140840         2            20230825
YOT-530               57263719         5            20230825
YJD-279               62324793         5            20230825
AWB-345               93845419         5            20230825
ICX-503               87800799         2            20230825
UXG-019               19829266         2            20230825
TZY-323               57263719         6            20230825
DUG-251               93160528         2            20230825
AHB-459               79901434         3            20230825
SJQ-827               50375303         2            20230825
MMA-577               32821689         5            20230825
RDT-761               42798099         6            20230825
XLF-273               11602775         4            20230825
AFL-718               49087435         1            20230825
AQS-362               73786035         1            20230825
SNY-500               45783712         5            20230825
CNQ-172               16151792         1            20230825
DIQ-718               62566305         4            20230825
ZWF-661               13245501         1            20230825
SNY-500               40348917         4            20230825
LDR-510               73535476         2            20230825
MTF-868               83236386         2            20230825
KBY-991               58187172         6            20230825
YGV-332               77484838         3            20230825
XZG-521               26976877         3            20230826
DEV-433               54761731         3            20230826
ICX-503               27912250         1            20230826
KWP-672               42157219         6            20230826
BWD-036               24995742         1            20230826
VZV-827               54761731         1            20230826
FLJ-040               38637282         6            20230826
WZD-331               29337157         4            20230826
AFL-718               78922174         5            20230826
EUZ-452               90365520         6            20230826
JJN-837               11602775         1            20230826
KJX-387               73535476         4            20230826
MQR-442               86828079         3            20230826
HFC-845               13245501         6            20230826
XLF-273               57690875         4            20230826
TZY-323               77191257         3            20230826
BWD-036               79475585         5            20230826
BCK-361               49087435         3            20230826
ZVA-180               54761731         4            20230826
FLJ-040               27912250         3            20230826
GXF-122               78757121         1            20230826
III-576               42157219         6            20230826
BIT-434               71378466         4            20230826
KQQ-136               32904023         1            20230826
MQR-442               83505958         1            20230826
ZAF-449               99842319         1            20230826
RDT-761               59407188         5            20230826
ZWF-661               57263719         5            20230826
VVS-017               95161027         5            20230826
QJO-060               45828535         6            20230826
ARS-231               78757121         4            20230826
VCL-867               81114108         1            20230826
AFL-718               77484838         1            20230826
XSD-310               31611146         1            20230826
UWA-476               17972674         4            20230826
VRR-793               40348917         3            20230826
CIM-038               94080926         2            20230826
OPT-996               83236386         2            20230826
OQI-373               86402303         3            20230826
TXM-139               79901434         2            20230826
OXP-732               91897732         2            20230827
GBJ-693               45877001         5            20230827
XOA-735               78078115         2            20230827
YGV-332               86828079         1            20230827
QUU-384               73185299         3            20230827
KQA-580               96659352         6            20230827
YOT-530               43053402         2            20230827
SSD-176               55552996         6            20230827
KQQ-136               26976877         3            20230827
KSO-608               40112594         6            20230827
HLR-109               79140840         1            20230827
AQS-362               41036366         2            20230827
CRU-009               66409237         4            20230827
OQI-373               90237332         1            20230827
OQI-373               78922174         3            20230827
DFF-034               79140840         3            20230827
SNY-500               43877279         4            20230827
YYK-309               11602775         3            20230827
CRU-009               54716824         6            20230827
OFS-384               38637282         1            20230827
MLE-193               87813843         4            20230827
FYF-898               15561764         2            20230827
OBI-353               73914283         1            20230827
XSD-310               12663268         6            20230827
XLF-273               17913944         4            20230827
JFC-432               26233063         4            20230827
FLW-631               38913831         3            20230827
UXG-019               32565207         4            20230827
OTH-462               57263719         2            20230827
SSE-115               89863424         4            20230827
EVN-510               67418025         5            20230827
YUQ-590               26976877         4            20230827
XTE-383               57690875         6            20230827
JFC-432               84165595         3            20230827
PJG-338               63437380         2            20230827
XLF-273               22777006         2            20230827
ISU-815               52097922         5            20230827
JCW-489               13245501         5            20230827
YYK-309               22777006         3            20230827
BRD-969               95751208         4            20230827
YEZ-591               63437380         5            20230827
YZD-580               37110873         5            20230827
CIM-038               25171011         1            20230827
III-576               60574154         6            20230827
KJX-387               78757121         4            20230827
TZY-323               45828535         6            20230828
BWD-036               57263719         3            20230828
OXP-732               23928045         3            20230828
DEN-125               73786035         4            20230828
CJE-310               79464412         5            20230828
AVM-258               35584593         4            20230828
NMV-644               94080926         5            20230828
MYC-756               85871751         2            20230828
CIM-038               57690875         3            20230828
QFP-254               43043986         5            20230828
AWB-345               44679500         1            20230828
FVQ-662               32565207         5            20230828
HFM-021               69975105         6            20230828
QFP-254               89298238         2            20230828
FVQ-662               43053402         6            20230828
BCN-855               71463316         4            20230828
XLF-273               89148118         5            20230828
OQI-373               95161027         1            20230828
TKM-141               78922174         5            20230828
QUU-384               43877279         5            20230828
BCK-361               40112594         2            20230828
UXG-019               66409237         4            20230828
QVJ-982               79372768         6            20230828
YMU-875               24995742         3            20230828
BCK-361               80048864         3            20230828
UWA-476               71463316         3            20230828
BIT-434               59407188         6            20230828
ARS-231               71378466         6            20230828
UWA-476               77484838         1            20230828
ZWF-661               17972674         1            20230828
OTH-462               89863424         6            20230828
SSE-115               26976877         4            20230828
KCO-488               42157219         2            20230828
OTS-581               42157219         5            20230828
DFJ-952               35565959         2            20230828
NSM-283               42928709         5            20230828
KJX-387               32904023         3            20230828
KSO-608               26233063         3            20230828
KQQ-136               79475585         6            20230828
PPX-620               80048864         1            20230828
SJQ-827               76388967         5            20230828
CIM-038               86241107         2            20230828
KDA-627               60574154         5            20230828
OPJ-039               62324793         2            20230828
CNN-411               16552775         5            20230829
DON-719               69639726         1            20230829
AQS-362               16151792         1            20230829
SNY-500               44229880         3            20230829
ONB-903               53166028         3            20230829
KCO-488               71463316         5            20230829
WZD-331               87800799         2            20230829
BXY-119               31193794         5            20230829
DFF-034               98140264         2            20230829
VRR-793               43053402         2            20230829
YUQ-590               20864087         5            20230829
BTO-226               87800799         3            20230829
YMU-875               45828535         5            20230829
QHC-492               53166028         1            20230829
SJD-818               55552996         1            20230829
FQG-293               95161027         4            20230829
VCL-867               25171011         3            20230829
EBI-299               71463316         6            20230829
PJG-338               45877001         2            20230829
DFJ-952               77642521         5            20230829
HFM-021               88956889         6            20230829
FEG-454               86241107         2            20230829
RBE-789               81114108         2            20230829
OWN-701               52097922         2            20230829
UDR-957               77484838         3            20230829
FQG-293               62324793         1            20230829
XSD-310               71378466         3            20230829
BCK-361               29847168         1            20230829
KWP-672               46462527         3            20230829
NSM-283               79464412         2            20230829
EBI-299               76388967         5            20230829
TYF-885               83505958         5            20230830
QIL-029               42928709         4            20230830
DON-719               15210391         2            20230830
WZD-331               69975105         6            20230830
VCL-867               89429489         6            20230830
ONB-903               32821689         3            20230830
GXF-122               62566305         5            20230830
XBD-314               62324793         5            20230830
JXD-139               35565959         5            20230830
TKM-141               32565207         4            20230830
QRC-609               89863424         3            20230830
GBJ-693               97403853         4            20230830
KQQ-136               96659352         3            20230830
OTH-462               79140840         1            20230830
TKM-141               23928045         5            20230830
KQA-580               48184351         2            20230830
KBY-991               45877001         6            20230830
AVM-258               73185299         3            20230830
GKG-558               26290971         3            20230830
VRR-793               85949265         5            20230830
KQQ-136               97403853         6            20230830
RBE-789               86402303         6            20230830
QHC-492               96258632         2            20230830
AWB-345               63437380         4            20230830
GBD-525               87800799         6            20230830
AQS-362               15210391         2            20230830
TXM-139               19829266         3            20230830
AFL-718               50365593         5            20230830
QFP-254               90237332         3            20230831
CNN-411               42798099         6            20230831
DFF-034               81114108         5            20230831
KBY-991               90365520         6            20230831
SSD-176               35584593         4            20230831
YJD-279               97403853         3            20230831
LWG-915               46462527         6            20230831
QIL-029               93845419         6            20230831
OTH-462               73185299         3            20230831
VRR-793               87800799         2            20230831
OFS-384               64394265         5            20230831
XSD-310               45828535         4            20230831
TMJ-043               69975105         6            20230831
HFM-021               86402303         6            20230831
OQI-373               87813843         1            20230831
UDR-957               54716824         1            20230831
VDD-853               37110873         4            20230831
AWB-345               25171011         6            20230831
FEG-454               67418025         2            20230831
FCN-617               22777006         1            20230831
JDQ-505               48467976         5            20230831
AWT-354               71463316         4            20230831
QUU-384               37110873         4            20230831
EBI-299               89148118         6            20230831
YUQ-590               45783712         2            20230831
QIL-029               13245501         2            20230831
ZEX-027               54716824         6            20230831
LDR-510               62324793         1            20230831
HFM-021               84165595         6            20230901
UXG-019               86241107         2            20230901
SSE-115               79420973         5            20230901
VXS-438               13245501         3            20230901
QHC-492               73185299         3            20230901
SSD-176               43043986         5            20230901
UCX-285               22280452         3            20230901
ZEX-027               77191257         6            20230901
XBD-314               78922174         3            20230901
III-576               49087435         2            20230901
TMN-884               42798099         5            20230901
DEN-125               17913944         1            20230901
FQG-293               78078115         4            20230901
ADX-669               96659352         4            20230901
YYU-726               93160528         1            20230901
QVJ-982               77191257         5            20230901
FVQ-662               31611146         4            20230901
UJV-290               89298238         4            20230901
GLC-370               28390487         2            20230901
AFL-718               89148118         1            20230901
TZY-323               71984468         1            20230901
BMJ-772               40348917         1            20230901
DUG-251               32904023         4            20230901
RDT-761               19829266         3            20230901
IDO-503               16151792         6            20230901
XSD-310               87813843         3            20230901
QVJ-982               41036366         4            20230901
DIQ-718               43488351         6            20230901
XZR-640               91897732         5            20230901
UJV-290               83236386         5            20230901
JXD-139               79140840         4            20230901
DFJ-952               84165595         1            20230901
BZS-261               35565959         1            20230901
LWG-915               50365593         3            20230901
UWA-476               88956889         6            20230902
GLC-370               79372768         4            20230902
FVB-607               89863424         1            20230902
VXS-438               15210391         4            20230902
MTF-868               32821689         5            20230902
CJE-310               98140264         3            20230902
BXY-119               13245501         5            20230902
TXM-139               94080926         5            20230902
LYZ-614               59407188         3            20230902
TZY-323               15210391         3            20230902
RDT-761               84165595         6            20230902
JDQ-505               20864087         6            20230902
BXY-119               89429489         3            20230902
MYC-756               88956889         4            20230902
SJD-818               41036366         4            20230902
DON-719               24995742         3            20230902
DIQ-718               69324480         1            20230902
SSD-176               37110873         1            20230902
AFL-718               50375303         1            20230902
QFP-254               32904023         4            20230902
QTK-083               55552996         1            20230902
TKM-141               90237332         3            20230902
VDD-853               90365520         5            20230902
VJI-529               33397650         6            20230902
TMN-884               50365593         6            20230902
GXF-122               79420973         3            20230902
JDC-028               50365593         6            20230902
UWA-476               33713901         2            20230902
EUZ-452               79372768         5            20230902
MMA-577               43053402         6            20230902
AWT-354               66409237         6            20230902
III-576               95161027         5            20230902
TXM-139               53166028         3            20230902
EJW-346               78922174         6            20230902
DFJ-952               78078115         5            20230902
JFC-432               20864087         1            20230902
SSD-176               45783712         6            20230902
KWP-672               77191257         2            20230902
HFM-021               29337157         4            20230902
OBI-353               79901434         6            20230902
DOV-560               57263719         4            20230902
BRD-969               98140264         1            20230902
DFJ-952               40348917         2            20230902
QIL-029               86828079         5            20230902
QRC-609               79140840         5            20230902
YOT-530               89298238         4            20230902
BXY-119               20864087         4            20230902
DFF-034               66409237         4            20230902
OQI-373               42928709         5            20230902
FVQ-662               71378466         2            20230903
DUG-251               99842319         2            20230903
PVZ-181               26290971         3            20230903
CSZ-863               79901434         5            20230903
FVQ-662               40112594         4            20230903
AWB-345               16552775         6            20230903
TMN-884               23928045         2            20230903
UOD-420               69324480         3            20230903
VVS-017               33713901         1            20230903
ZEX-027               43043986         1            20230903
AQS-362               16151792         1            20230903
UWA-476               73535476         5            20230903
AVM-258               62566305         1            20230903
OTH-462               57263719         5            20230903
XSD-310               52097922         6            20230903
CRU-009               96258632         2            20230903
UXG-019               89429489         1            20230903
CRU-009               50375303         5            20230903
UTN-601               52097922         2            20230903
FLJ-040               73535476         4            20230903
YYU-726               12663268         4            20230903
GBJ-693               96659352         3            20230903
FCN-617               37110873         6            20230903
XZG-521               52097922         4            20230903
OQI-373               42798099         2            20230903
OTS-581               54761731         5            20230903
VTV-269               26976877         4            20230903
ZEX-027               79901434         2            20230903
UOD-420               95751208         4            20230903
GBJ-693               15561764         2            20230903
RBE-789               32904023         6            20230903
OWN-701               59407188         1            20230903
JFC-432               85949265         4            20230904
BCN-855               38913831         3            20230904
YMU-875               45783712         4            20230904
VXS-438               50375303         4            20230904
MTF-868               88995291         3            20230904
UWA-476               26233063         1            20230904
JXD-139               44229880         4            20230904
HLR-109               36380447         2            20230904
RAH-420               12663268         3            20230904
PFD-286               91897732         2            20230904
YOT-530               31611146         4            20230904
XLF-273               42928709         4            20230904
KQA-580               50375303         5            20230904
FQG-293               69975105         5            20230904
YJD-279               50375303         5            20230904
PFD-286               76388967         6            20230904
TXM-139               48184351         1            20230904
IHG-413               33397650         3            20230904
DFJ-952               25171011         4            20230904
TMN-884               91897732         2            20230904
BRD-969               66409237         3            20230904
ZWF-661               77191257         4            20230904
IDO-503               32565207         6            20230904
III-576               63437380         5            20230904
QFP-254               42928709         5            20230904
YUQ-590               88956889         2            20230904
SPR-580               94080926         5            20230904
JCW-489               69324480         5            20230904
QRC-609               35565959         5            20230904
UWA-476               88956889         3            20230904
QFR-958               27912250         3            20230904
AQS-362               42798099         1            20230905
KJX-387               13245501         5            20230905
XOA-735               13245501         5            20230905
BMJ-772               12663268         1            20230905
YYU-726               67418025         6            20230905
VJI-529               69324480         1            20230905
TZY-323               16151792         3            20230905
UXG-019               55552996         6            20230905
BWD-036               60574154         2            20230905
XSD-310               22280452         2            20230905
KQA-580               63437380         2            20230905
CNQ-172               62566305         3            20230905
KCO-488               46462527         4            20230905
CIM-038               93845419         5            20230905
JXD-139               89298238         3            20230905
ICX-503               89298238         3            20230905
BRD-969               73914283         3            20230905
SPR-580               54716824         3            20230905
YUQ-590               64394265         1            20230905
VRR-793               98589725         1            20230905
DOV-560               76388967         2            20230905
RDT-761               80048864         5            20230905
TYF-885               43877279         5            20230905
